1.8345192595968443 1.3571907579646878 -1.0927172948463635 0.5993452817103341 1.1649853037548104 -1.0299969506449338 60.90271111110912 1.1649853037548104 -1.0299969506449338 
2.6741125564918087 0.4651727668462062 -0.8043548758493824 0.08958943897981149 0.6820357518827046 -0.9299991813494864 125.83928940567354 0.6820357518827046 -0.9299991813494864 
0.8787567219725003 1.0135084058514454 1.0965026255857357 0.24163597304866224 1.00673154606948 1.0311849327173406 92.42113370998085 1.00673154606948 1.0311849327173406 
0.431707788618068 0.027325477255354925 0.023491497719096414 0.21362935627835208 0.16530419612143826 0.2863981679243835 157.8084903381577 0.16530419612143826 0.2863981679243835 
1.2681147912148096 1.3682950709874624 0.8323046013508184 0.14567669607257605 1.1697414547614624 0.9406486398856482 217.6108853475243 1.1697414547614624 0.9406486398856482 
0.6831373123784399 0.8301071717090319 1.038359618844 0.21074918914575289 0.9111021741325349 1.0126264415887893 114.47390804597447 0.9111021741325349 1.0126264415887893 
1.0382487434588483 0.7643343728103047 0.5516957321823308 0.23244669708833984 0.8742621876818788 0.8201624366792013 125.3805693950226 0.8742621876818788 0.8201624366792013 
1.080697172514404 1.2891694885988199 1.0813487793922913 0.05634518325338388 1.1354159980372038 1.0264124977950686 152.26910931174723 1.1354159980372038 1.0264124977950686 
0.5455318874912285 0.19212359416676064 -0.03435003425359828 0.15066322726524212 0.43831905521749864 -0.32506912692449563 191.54680076628497 0.43831905521749864 -0.32506912692449563 
0.2634198749806097 0.5741926221100581 0.8571015517614844 0.22252210911284342 0.757754988178935 0.9498989926816073 205.51796232218268 0.757754988178935 0.9498989926816073 
0.2544684651876931 0.4204812771404316 0.6146125471575171 0.13506725672363654 0.6484452769050227 0.8502248757531392 208.28527402402963 0.6484452769050227 0.8502248757531392 
0.258758376024617 0.47681879071130806 0.6902755904806456 0.09617179173484364 0.6905206663897236 0.8837732225082285 227.1019327073563 0.6905206663897236 0.8837732225082285 
1.2743468591604563 0.6383844383965555 -0.4918111103343642 0.2539583760591189 0.7989896359756836 -0.7893436359496384 100.35579753087097 0.7989896359756836 -0.7893436359496384 
0.5383565147969775 0.8227965963281598 0.9473505078356094 0.3415146464161537 0.9070813614710423 0.982132834970651 35.635454545452326 0.9070813614710423 0.982132834970651 
1.0944139389808532 0.8885296822852321 0.6657016936012337 0.32772189198763485 0.942618524263783 0.8731587703994885 83.1802814814797 0.942618524263783 0.8731587703994885 
0.23446617787557583 0.4191332543805746 0.6254434621883943 0.07549523493949932 0.6474050157208968 0.8551901414439101 225.9499574138619 0.6474050157208968 0.8551901414439101 
1.177587569457967 0.8373183076055736 -0.499447658455555 0.3394876426938809 0.9150509863420582 -0.7934081557826181 45.76171036204734 0.9150509863420582 -0.7934081557826181 
0.9056938258210756 0.9939152216573951 1.059413934167672 0.22433142396238293 0.9969529686286084 1.019424875755524 104.87252196382508 0.9969529686286084 1.019424875755524 
0.5476598827145402 0.18536573954470692 0.18415741273703234 0.11387267827505175 0.43054121701029613 0.5689355457120281 140.63623269729436 0.43054121701029613 0.5689355457120281 
0.25161307325796095 0.494798417973078 0.7112189124178541 0.07319611923155818 0.7034190912770836 0.8926223680889968 227.40392000000338 0.7034190912770836 0.8926223680889968 
0.7150558378727152 0.2405045872551587 0.2837079274307251 0.10928997160244568 0.49041267036564085 0.6570884352913556 152.92419753086145 0.49041267036564085 0.6570884352913556 
0.7824801006985849 0.6805640827192132 0.788371690826663 0.12595019606206692 0.8249630796097563 0.9237979773386464 156.24784917447224 0.8249630796097563 0.9237979773386464 
1.7070481665960338 0.7602202506575203 -0.7907624158146214 0.814544064771085 0.8719061019728674 -0.924730836050647 26.52862745098127 0.8719061019728674 -0.924730836050647 
0.31957407604609883 0.7257005268401399 0.9883861041700236 0.0916611029302625 0.8518805824997655 0.9961136169836662 212.26511959876512 0.8518805824997655 0.9961136169836662 
0.6402404768610668 0.668188207649384 0.8695634569364029 0.04714081532721902 0.8174277996553482 0.9544805731155983 183.97718619643024 0.8174277996553482 0.9544805731155983 
1.8538089841401129 0.9376792599289697 -0.9120157360856531 0.17667395738579159 0.9683384015564857 -0.9697670947127598 61.807408730158784 0.9683384015564857 -0.9697670947127598 
0.7310872493753001 0.5828418751492529 0.7679029318864948 0.05787433689438671 0.7634408131278108 0.9157328107323633 186.4463167104542 0.7634408131278108 0.9157328107323633 
1.2056601865880379 0.3842114083495823 -0.4535492434838425 0.2207986782374266 0.6198478913004241 -0.7683188393092595 134.6351944444454 0.6198478913004241 -0.7683188393092595 
0.6030402659908538 0.5441056351780678 0.6657292152900905 0.14667039543666321 0.7376351640059384 0.8731708030526907 108.81899449035494 0.7376351640059384 0.8731708030526907 
1.8772093799210097 1.235974585136866 -1.1149781507406702 0.34110503450748975 1.1117439386553298 -1.0369443564979606 59.80265306121374 1.1117439386553298 -1.0369443564979606 
0.0 0.0 0.0 0.0 0.0 0.0 94.28125603864734 0.0 0.0 
0.24008737193728832 0.47339929023244276 0.7052411979805592 0.12862435738862962 0.6880401806816537 0.890114532237081 217.35543378995663 0.6880401806816537 0.890114532237081 
0.7319039487015646 1.113024770650745 1.2139490589656123 0.5316600868630383 1.0549998913036651 1.0667602412707593 34.180098596890524 1.0549998913036651 1.0667602412707593 
2.108782763522455 1.0840117341674191 -1.1333558866513407 0.0325825690615616 1.0411588419484412 -1.0426105173454925 163.57003584231802 1.0411588419484412 -1.0426105173454925 
2.668995444768966 0.3877040105983918 -0.7224946328618167 0.42392583579157456 0.6226588235931391 -0.8973148912496439 63.99852161785103 0.6226588235931391 -0.8973148912496439 
0.27849276278227814 0.5939546324539627 0.8500180282626765 0.13482675472060923 0.7706845220023318 0.9472749342368388 221.83635170603478 0.7706845220023318 0.9472749342368388 
1.1744540941696402 1.0753643051751658 0.7692386206816423 0.3042993831964848 1.036997736340425 0.9162634444518489 69.60087621177736 1.036997736340425 0.9162634444518489 
0.3837324451019912 0.5810923835632389 0.8939825311088069 0.2540555239099204 0.7622941581589346 0.9633327924170096 98.49424521072166 0.7622941581589346 0.9633327924170096 
0.935916095066303 0.9529399251875534 1.0290272834069245 0.13252820145297314 0.976186419280433 1.0095836219213403 123.01901291990224 0.976186419280433 1.0095836219213403 
0.9135247584682967 0.6332844175227215 0.4029040862260519 0.10482190142820198 0.7957916922931034 0.7385851259497201 96.3865441819776 0.7957916922931034 0.7385851259497201 
1.860022604078218 0.9848927449155481 -0.9366043627916801 0.753147106243274 0.9924176262620229 -0.9784051397770682 168.55447478180602 0.9924176262620229 -0.9784051397770682 
1.2447138304342404 0.23476258059464983 -0.26910994317908304 0.29856950726387493 0.48452304444128336 -0.6456194143236887 86.53064197531128 0.48452304444128336 -0.6456194143236887 
1.7169447147577486 0.23434901361136828 -0.1378156201272463 0.3621632413046801 0.484096078905178 -0.5165346751947072 116.28647959183728 0.484096078905178 -0.5165346751947072 
1.4097106809679079 0.4446788185319041 -0.45902978130383254 0.4417777279724168 0.6668424240642643 -0.7714011600868359 53.08788888888506 0.6668424240642643 -0.7714011600868359 
0.32491097353944737 0.5608496830656382 0.7599758577183648 0.1560073906223537 0.7488989805478695 0.9125708639153793 165.45802136752044 0.7488989805478695 0.9125708639153793 
0.9796748136140674 0.6073508569569975 0.7043696694549227 0.12266847387293608 0.7793271822264366 0.889747716843011 82.0437530864247 0.7793271822264366 0.889747716843011 
0.3252005662478536 0.07610031315119184 0.14537342756990032 0.14980484849240458 0.27586285206818234 0.5258093970913307 171.4950859788514 0.27586285206818234 0.5258093970913307 
0.2814176303484459 0.563395996441392 0.7853948288091869 0.04305669079966726 0.7505970932806708 0.922633768567139 184.069464720197 0.7505970932806708 0.922633768567139 
0.0 0.0 0.0 0.0 0.0 0.0 184.03896505376343 0.0 0.0 
0.8966661182613009 0.44759584963178956 0.13007190209320674 0.0719242159416995 0.6690260455556193 0.506673079929815 212.22100932988903 0.6690260455556193 0.506673079929815 
0.4770980077635762 0.4079458591370854 0.5937127379211358 0.2911553528268676 0.6387063950964367 0.8404762689890801 81.28065843621562 0.6387063950964367 0.8404762689890801 
0.0 0.0 0.0 0.0 0.0 0.0 217.26749440715884 0.0 0.0 
0.34305749361288673 0.62566805394684 0.9640761861323776 0.20165063283337062 0.7909918166118028 0.9878790720733498 175.58703333332846 0.7909918166118028 0.9878790720733498 
0.23252900100159235 0.4354355346400553 0.6464549854422329 0.09037370999370502 0.659875393267589 0.8646614490073201 229.41426470588578 0.659875393267589 0.8646614490073201 
0.7989562251511055 0.8402886727850479 0.7869226347961664 0.0765996317985366 0.9166726093786417 0.9232316387120322 216.59229221348642 0.9166726093786417 0.9232316387120322 
0.8593371231454211 0.35217604298376765 0.4927694586641726 0.04056542984829699 0.5934442206170414 0.7898560110721546 177.6103209876224 0.5934442206170414 0.7898560110721546 
0.9438655548531817 0.65942175306212 0.50042164458409 0.14494210890445508 0.8120478760899015 0.7939235696511883 107.37647817459161 0.8120478760899015 0.7939235696511883 
0.0 0.0 0.0 0.0 0.0 0.0 227.63420833333333 0.0 0.0 
1.5725156530625475 0.6830925171909822 -0.36014673492620075 0.12262428079767872 0.8264941120122891 -0.7114752997094042 118.95860302048744 0.8264941120122891 -0.7114752997094042 
1.0137174451018824 1.1168630400359043 0.9866572992535155 0.1373883111849588 1.0568174109257968 0.9955325042881005 99.92356550579943 1.0568174109257968 0.9955325042881005 
0.4412731552492758 0.31949774556127747 0.5197330341997674 0.3112398626083833 0.5652413162192564 0.8040075132544223 77.97950674974 0.5652413162192564 0.8040075132544223 
0.3648056273881043 0.05152641803434786 0.11865902605843455 0.24598427509722148 0.22699431277974313 0.491398235986256 208.26512023223586 0.22699431277974313 0.491398235986256 
0.8444183823180414 0.5244925145751365 0.331853872473166 0.1659417637023622 0.7242185544261736 0.6923339520978057 162.00352941175151 0.7242185544261736 0.6923339520978057 
0.2972046731426541 0.47769459465567377 0.6934877551021202 0.18068816601358914 0.6911545374629857 0.8851419671182736 216.49850938967128 0.6911545374629857 0.8851419671182736 
0.4716629458024165 0.7165204110710492 0.8442205080251642 0.1681530006171092 0.846475286745602 0.9451164001053408 205.81044758540148 0.846475286745602 0.9451164001053408 
1.4049997013404456 0.44899334292750226 -0.5334918222419692 0.1873655742240526 0.6700696552803315 -0.8110405882503186 87.88266666666401 0.6700696552803315 -0.8110405882503186 
0.247787418552011 0.43718865491068815 0.6466300300037582 0.08934020079904224 0.6612024311137158 0.864739485183404 227.0250179211568 0.6612024311137158 0.864739485183404 
0.2362497672852451 0.5691781359564948 0.8541017091626197 0.14168403764993578 0.7544389544267281 0.9487894865038237 204.44437595129318 0.7544389544267281 0.9487894865038237 
0.8685700070664266 0.9678222942419911 1.0820926065141296 0.21251363447709928 0.9837795963741021 1.0266477898916 91.12403126744807 0.9837795963741021 1.0266477898916 
0.8046891782521428 0.8857562386639288 1.0887062601127782 0.24131801003916742 0.9411462365987173 1.028735136364457 118.83428856914253 0.9411462365987173 1.028735136364457 
2.4000288839286688 0.17240659945092102 -0.37424820018686733 0.12789214249385555 0.4152187368736158 -0.7206425592179097 208.19082375487307 0.4152187368736158 -0.7206425592179097 
0.2519276056522508 0.08817289483308467 0.2368243184504877 0.13626610220988108 0.2969392106695993 0.6186933272017182 189.98645559538366 0.2969392106695993 0.6186933272017182 
0.4436715187680033 0.5518058291705282 0.8080256027136697 0.05257569269242421 0.7428363407713224 0.9314117390873066 200.30973824789044 0.7428363407713224 0.9314117390873066 
0.47504946731998215 0.34862616421783665 0.5739778692342147 0.17510342500678308 0.5904457335080309 0.8310587298516076 152.12794498381777 0.5904457335080309 0.8310587298516076 
0.8360212857094507 0.5822128608871866 0.5440837217363288 0.21883478569267686 0.7630287418486846 0.8163728960848539 117.05060246913322 0.7630287418486846 0.8163728960848539 
0.0 0.0 0.0 0.0 0.0 0.0 143.5177356321839 0.0 0.0 
0.7555096718825747 0.38404922916316186 -0.21937545591557245 0.1497497355476131 0.6197170557304049 -0.6031092815912569 111.24168530946919 0.6197170557304049 -0.6031092815912569 
0.52064776282276 0.5085434364747526 0.7033009632940592 0.15965825386484933 0.7131223152270252 0.8892974986213399 133.88013095236485 0.7131223152270252 0.8892974986213399 
1.2702204098613312 0.6369185273338244 -0.49377850335072127 0.26006097998740013 0.7980717557549725 -0.7903947732384721 98.12237530864783 0.7980717557549725 -0.7903947732384721 
1.0370570844973421 1.1166232765866584 1.0740048303311378 0.28705126727847363 1.056703968283766 1.0240836006355736 124.74560804899633 1.056703968283766 1.0240836006355736 
1.2342171523251404 1.1868354401691377 0.787722129627722 0.312645747851555 1.0894197722499521 0.9235441934077446 75.09227001194401 1.0894197722499521 0.9235441934077446 
0.2758877237406954 0.4829225586888156 0.6926491135323425 0.1297396847604849 0.6949262973069991 0.8847850195611028 212.9324529027249 0.6949262973069991 0.8847850195611028 
0.3993638287877601 0.443865868863008 0.7396376675381773 0.025612933450376987 0.6662325936660619 0.9043565188730947 220.66109642688718 0.6662325936660619 0.9043565188730947 
1.1349329186831132 0.5321033902066652 -0.4839891357447166 0.41524508846629504 0.7294541727940592 -0.7851365663626895 118.34355742297221 0.7294541727940592 -0.7851365663626895 
0.9101735398357356 0.7360649985342171 0.7724129349560844 0.11976770278851406 0.8579423048983056 0.9175220554480875 142.93490787269636 0.8579423048983056 0.9175220554480875 
0.21031983359292095 0.4616693988280957 0.6851776782995246 0.08855082407305317 0.6794625808888196 0.8815921925188828 228.13152582159702 0.6794625808888196 0.8815921925188828 
